4995458
5180841
5338431
5466824
5553324
5581323
5657580
5750738
5796685
5801271
5802588
5830462
5833191
5834991
5864537
5885823
5899265
5922568
5959123
6045544
6049757
6060697
6067894
6077263
6080333
6081335
6093672
6107647
6120048
6123487
6140255
6165827
6169092
6170056
6179838
6192835
6194904
6201317
6202016
6202170
6213692
6213716
6251781
6253064
6259143
6259764
6278915
6292092
6300519
6301105
6303972
6306233
6309379
6311272
6316691
6324204
6325233
6336349
6336869
6338634
6340576
6344511
6347342
6350312
6351454
6352037
6358194
6359121
6361341
6363067
6368029
6368195
6379010
6379186
6381659
6399594
6407783
6414938
6416832
6419954
6420804
6423750
6426074
6427001
6429310
6430146
6430298
6430401
6430490
6430793
6430805
6431023
6431454
6432607
6432924
6433573
6437040
6437824
6447167
6449514
6453031
6456457
6456469
6457360
6457384
6457523
6462980
6466736
6469694
6473728
6478135
6479125
6479214
6482842
6483085
6494429
6497554
6497743
6498962
6499863
6502633
6504563
6516595
6519742
6520213
6530644
6531002
6535227
6536344
6537308
6538449
6538476
6539720
6541559
6544112
6544237
6544617
6548299
6553212
6554846
6568758
6569267
6575462
6579015
6598849
6604072
6605481
6605620
6605935
6606887
6609958
6614693
6632448
6642413
6644494
6648164
6648404
6650903
6651780
6653048
6656793
6657047
6658874
6662643
6662757
6663569
6665119
6668204
6668432
6669853
6670653
6670727
6671566
6671972
6675274
6677975
6678965
6679195
6684157
6686733
6688826
6690224
6690248
6692305
6692356
6695997
6697054
6701193
6702233
6706790
6707564
6710622
6716385
6723264
6724660
6726400
6729988
6730598
6730788
6735118
6739662
6744662
6744849
6747075
6752671
6756288
6757090
6758243
6763561
6765313
6777332
6778195
6782003
6784678
6788665
6792459
6797221
6803807
6808226
6808341
6808986
6809382
6810446
6810889
6814091
6815688
6818456
6820664
6821235
6822201
6822656
6823506
6824991
6825119
6825259
6825689
6825691
6826541
6827101
6828279
6828329
6828988
6829156
6830475
6830576
6831034
6831984
6832190
6833622
6834271
6835134
6837607
6839880
6841213
6841252
6841276
6842090
6842114
6844258
6844740
6845186
6846075
6849083
6849970
6855845
6857825
6858563
6860175
6861405
6861658
6861734
6861850
6864817
6868133
6868689
6870923
6871990
6885863
6887400
6888895
6889341
6890141
6891105
6891586
6892792
6899165
6900144
6903696
6904458
6904534
6905855
6906046
6907745
6913065
6914333
6918231
6920019
6923736
6924029
6924878
6925945
6928271
6928663
6933360
6933612
6933939
6934323
6935249
6936468
6937597
6938005
6938258
6938500
6938993
6939060
6939882
6940009
6940023
6940136
6940492
6940504
6940872
6940896
6941658
6941823
6942041
6942320
6942650
6942700
6942724
6943144
6943411
6943702
6944526
6944932
6945190
6945226
6945416
6945909
6945935
6945986
6946141
6946154
6946329
6946356
6946368
6946709
6946762
6946848
6947016
6947093
6947168
6947321
6947345
6947358
6947396
6947547
6947648
6947840
6947915
6948071
6948196
6948400
6948448
6948525
6948537
6948602
6948741
6949022
6949111
6949376
6949527
6949592
6949806
6950099
6950152
6950289
6950392
6951141
6951192
6951242
6951343
6951444
6951533
6951952
6952511
6953069
6953499
6953677
6954376
6955951
6956078
6957132
6957346
6957359
6958413
6958577
6958678
6959187
6959326
6959466
6961181
6961306
6961332
6961472
6962284
6963262
6963514
6963805
6965457
6965824
6966028
6966408
6966459
6966927
6967311
6968097
6968198
6968681
6968972
6969113
6969758
6969772
6969998
6970014
6970026
6974430
6975662
6977108
6980989
6982060
6982250
6982969
6983415
6983860
6984660
6985131
6985891
6986208
6987162
6987832
6988606
6988657
6988760
6988834
6988859
6988947
6989305
6989949
6993442
6993885
6994560
6997593
7003977
7004474
7004551
7004649
7006861
7010097
7012230
7016518
7018652
7019589
7025048
7034693
7036419
7036712
7043565
7045990
7047362
7047994
7053642
